Gemma	DiSignAtlas	Sirota_2011	KrishnanLab	CREEDS	Johnson_2023	URSA_HD	Gu_2023
4587.0	144.0	10.0	43.0	22.0	20.0	28.0	7.0
144.0	2654.0	24.0	59.0	91.0	17.0	32.0	13.0
10.0	24.0	134.0	2.0	35.0	0.0	2.0	0.0
43.0	59.0	2.0	619.0	15.0	12.0	120.0	22.0
22.0	91.0	35.0	15.0	262.0	2.0	17.0	0.0
20.0	17.0	0.0	12.0	2.0	145.0	9.0	4.0
28.0	32.0	2.0	120.0	17.0	9.0	134.0	0.0
7.0	13.0	0.0	22.0	0.0	4.0	0.0	157.0
