disign_atlas	krishnanlab	ursahd	gu	creeds	johnson_2023	sirota_2011
97762.0	2246.0	2569.0	158.0	3924.0	1091.0	676.0
2246.0	12171.0	5601.0	452.0	654.0	1176.0	206.0
2569.0	5601.0	8239.0	0.0	1096.0	1025.0	217.0
158.0	452.0	0.0	3788.0	0.0	55.0	0.0
3924.0	654.0	1096.0	0.0	8075.0	146.0	961.0
1091.0	1176.0	1025.0	55.0	146.0	7582.0	9.0
676.0	206.0	217.0	0.0	961.0	9.0	2444.0
